param set mag_offset 2  15.691 76.789 16.993
param set mag_scale 2  0.968  0.980  1.113
param set mag_rotate 2 -0.174 -0.014 -0.985  0.546 -0.833 -0.084 -0.819 -0.552  0.153
-0.701  0.966  0.897  0.634
 0.352  0.352  0.109  0.109
-0.217 -0.217 -0.754 -0.754
-0.991 -0.991 -0.849 -0.849
-0.872 -0.872 -0.131 -0.131
 0.788  0.788  0.868  0.868
 0.204  0.204 -0.404 -0.404
-0.440 -0.440  0.349  0.349
 0.571  0.571  0.379  0.379
 0.423  0.423  0.239  0.239
 0.239 -0.223 -0.448 -0.185
-0.185 -0.185 -0.185 -0.834
-0.834 -0.674 -0.674 -0.303
-0.303  0.643  0.643  0.892
 0.892  0.524  0.524 -0.523
-0.523 -0.852 -0.852 -0.534
-0.534 -0.176 -0.176  0.248
 0.248  0.005  0.005 -0.552
-0.552 -0.863 -0.863 -0.745
-0.745 -0.371 -0.371  0.207
 0.207  0.207  0.236  0.263
 0.474  0.474  0.829  0.829
 0.924  0.924  0.969  0.969
 0.883  0.883  0.545  0.545
 0.376  0.376 -0.048 -0.048
-0.475 -0.475 -0.262 -0.262
 0.145  0.145  0.228  0.228
-0.081 -0.081 -0.475 -0.475
 0.438  0.438 -0.852 -0.852
-0.774 -0.774  0.059  0.059
 0.592  0.059 -0.674 -0.878
-0.878 -0.608 -0.608 -0.665
-0.665 -0.677 -0.677 -0.866
-0.866  0.085  0.085  0.939
 0.939  0.420  0.420 -0.271
-0.271 -0.594 -0.594 -0.401
-0.401  0.349  0.349 -0.265
-0.265 -0.875 -0.875  0.512
-0.273 -0.204 -0.087  0.081
 0.081  0.099  0.099  0.186
 0.186  0.186  0.186  0.114
 0.114  0.141  0.141  0.478
 0.478  0.622  0.622  0.339
 0.339  0.144  0.144  0.297
 0.297  0.414  0.414  0.676
 0.676  0.838  0.838  0.820
 0.820  0.727  0.727  0.354
 0.354 -0.150 -0.150 -0.150
-0.828 -0.822 -0.369 -0.369
 0.267  0.267  0.450  0.450
 0.585  0.585  0.300  0.300
-0.126 -0.126 -0.441 -0.441
-0.324 -0.324  0.033  0.033
 0.397  0.397  0.826  0.826
 0.967  0.967  0.988  0.988
 0.928  0.928  0.631  0.631
 0.126  0.126 -0.360 -0.360
-0.879 -0.879 -0.795 -0.795
-0.795 -0.042  0.225  0.417
 0.417  0.273  0.273  0.129
 0.129 -0.210 -0.210 -0.468
-0.468 -0.561 -0.561 -0.129
-0.129 -0.375 -0.375 -0.801
-0.801 -0.417 -0.417  0.117
 0.117  0.501  0.501  0.318
 0.318 -0.798 -0.798 -0.897
-0.897  0.330  0.330  0.496
 0.496  0.313  0.313  0.108
-0.576 -0.036 -0.216 -0.216
-0.567 -0.567 -0.492 -0.492
-0.099 -0.099  0.354  0.354
 0.216  0.216  0.201  0.201
 0.351  0.351  0.237  0.237
 0.361  0.361  0.354  0.354
-0.144 -0.144 -0.399 -0.399
-0.438 -0.438 -0.489 -0.059
-0.431 -0.796 -0.932 -0.932
-0.990 -0.990 -0.942 -0.942
-0.598 -0.598 -0.025 -0.025
 0.535  0.535  0.074  0.074
-0.758 -0.758 -0.557 -0.557
 0.446  0.446  0.917  0.917
 0.832  0.832  0.617  0.617
 0.378  0.378 -0.096 -0.096
-0.632 -0.632 -0.878 -0.878
-0.990 -0.990 -0.990 -0.465
 0.330  0.900  0.900  0.931
 0.931  0.292  0.292 -0.407
-0.407 -0.881 -0.881 -0.758
-0.758 -0.154 -0.154  0.753
 0.753  0.869  0.869  0.344
 0.344  0.091  0.091  0.149
 0.149 -0.008 -0.008 -0.390
-0.390 -0.574 -0.574 -0.489
-0.489 -0.530 -0.530 -0.240
-0.240  0.582  0.582  0.582
 0.958  0.917  0.743  0.743
 0.463  0.463  0.299  0.299
-0.113 -0.113 -0.127 -0.127
-0.628 -0.628 -0.915 -0.915
-0.915 -0.915 -0.318 -0.318
 0.866  0.866  0.965  0.965
 0.808  0.808  0.958  0.958
 0.388  0.388  0.187  0.187
 0.456  0.456 -0.386 -0.386
-0.977 -0.977 -0.878 -0.840
-0.765  0.460  0.460  0.579
 0.579  0.617  0.617  0.780
 0.780 -0.281 -0.281 -0.895
-0.895 -0.233 -0.233  0.838
 0.838  0.920  0.920  0.743
 0.743  0.893  0.893  0.924
 0.924 -0.857 -0.857 -0.059
-0.059 -417.057 -420.599 -425.199
-427.219 -418.293 -418.293 -418.867
-418.867 -412.145 -412.145 -410.081
-410.081 -417.481 -417.481 -423.836
-423.836 -417.258 -417.258 -413.855
-413.855 -427.976 -427.976 -412.742
-412.742 -412.172 -412.172 -423.922
-423.922 -424.638 -424.638 -411.340
-411.340 -420.016 -420.016 -433.019
-433.019 -433.812 -433.812 -430.820
-430.820 -430.820 -408.151 -415.459
-414.141 -414.141 -412.420 -412.420
-415.012 -415.012 -410.422 -410.422
-409.622 -409.622 -419.162 -419.162
-421.191 -421.191 -407.089 -407.089
-424.564 -424.564 -418.600 -418.600
-413.317 -413.317 -415.823 -415.823
-426.170 -426.170 -421.094 -421.094
-425.099 -425.099 -418.525 -418.525
-411.015 -411.015 -411.701 -411.701
-421.366 -421.366 -421.366 -413.123
-410.080 -407.954 -407.954 -413.640
-413.640 -410.132 -410.132 -417.428
-417.428 -421.406 -421.406 -419.779
-419.779 -417.422 -417.422 -414.260
-414.260 -411.806 -411.806 -416.655
-416.655 -411.075 -411.075 -409.020
-409.020 -423.648 -423.648 -421.138
-421.138 -424.964 -424.964 -427.274
-427.274 -417.306 -417.306 -429.740
-429.740 -445.315 -426.870 -426.769
-424.473 -424.473 -424.018 -424.018
-431.616 -431.616 -434.180 -434.180
-408.946 -408.946 -386.771 -386.771
-413.518 -413.518 -419.084 -419.084
-413.441 -413.441 -425.552 -425.552
-435.637 -435.637 -417.532 -417.532
-410.761 -410.761 -410.260 -410.260
