 -61.0,  77.0,  -303.0,  318.5 
 -61.0,  77.0,  -303.0,  318.5 
 -61.0,  77.0,  -303.0,  318.5 
 -61.0,  77.0,  -303.0,  318.5 
 -61.0,  77.0,  -303.0,  318.5 
 -61.0,  77.0,  -303.0,  318.5 
 -55.0,  78.0,  -302.0,  316.7 
 -55.0,  78.0,  -302.0,  316.7 
 -55.0,  78.0,  -302.0,  316.7 
 -55.0,  78.0,  -302.0,  316.7 
 -55.0,  78.0,  -302.0,  316.7 
 -55.0,  78.0,  -302.0,  316.7 
 -55.0,  78.0,  -302.0,  316.7 
 -55.0,  78.0,  -302.0,  316.7 
 -55.0,  78.0,  -302.0,  316.7 
 -55.0,  78.0,  -302.0,  316.7 
 -59.0,  75.0,  -302.0,  316.7 
 -59.0,  75.0,  -302.0,  316.7 
 -59.0,  75.0,  -302.0,  316.7 
 -59.0,  75.0,  -302.0,  316.7 
 -59.0,  75.0,  -302.0,  316.7 
 -59.0,  75.0,  -302.0,  316.7 
 -59.0,  75.0,  -302.0,  316.7 
 -59.0,  75.0,  -302.0,  316.7 
 -59.0,  75.0,  -302.0,  316.7 
 -59.0,  75.0,  -302.0,  316.7 
 -59.0,  75.0,  -302.0,  316.7 
 -54.0,  77.0,  -302.0,  316.3 
 -54.0,  77.0,  -302.0,  316.3 
 -54.0,  77.0,  -302.0,  316.3 
 -54.0,  77.0,  -302.0,  316.3 
 -54.0,  77.0,  -302.0,  316.3 
 -54.0,  77.0,  -302.0,  316.3 
 -54.0,  77.0,  -302.0,  316.3 
 -54.0,  77.0,  -302.0,  316.3 
 -54.0,  77.0,  -302.0,  316.3 
 -54.0,  77.0,  -302.0,  316.3 
 -60.0,  161.0,  -267.0,  317.5 
 -60.0,  161.0,  -267.0,  317.5 
 -60.0,  161.0,  -267.0,  317.5 
 -60.0,  161.0,  -267.0,  317.5 
 -60.0,  161.0,  -267.0,  317.5 
 -60.0,  161.0,  -267.0,  317.5 
 -60.0,  161.0,  -267.0,  317.5 
 -60.0,  161.0,  -267.0,  317.5 
 -60.0,  161.0,  -267.0,  317.5 
 -60.0,  161.0,  -267.0,  317.5 
 -48.0,  211.0,  -229.0,  315.1 
 -48.0,  211.0,  -229.0,  315.1 
 -48.0,  211.0,  -229.0,  315.1 
 -48.0,  211.0,  -229.0,  315.1 
 -48.0,  211.0,  -229.0,  315.1 
 -48.0,  211.0,  -229.0,  315.1 
 -48.0,  211.0,  -229.0,  315.1 
 -48.0,  211.0,  -229.0,  315.1 
 -48.0,  211.0,  -229.0,  315.1 
 -48.0,  211.0,  -229.0,  315.1 
 -48.0,  211.0,  -229.0,  315.1 
 -41.0,  239.0,  -200.0,  314.3 
 -41.0,  239.0,  -200.0,  314.3 
 -41.0,  239.0,  -200.0,  314.3 
 -41.0,  239.0,  -200.0,  314.3 
 -41.0,  239.0,  -200.0,  314.3 
 -41.0,  239.0,  -200.0,  314.3 
 -41.0,  239.0,  -200.0,  314.3 
 -41.0,  239.0,  -200.0,  314.3 
 -41.0,  239.0,  -200.0,  314.3 
 -41.0,  239.0,  -200.0,  314.3 
 -46.0,  244.0,  -193.0,  314.5 
 -46.0,  244.0,  -193.0,  314.5 
 -46.0,  244.0,  -193.0,  314.5 
 -46.0,  244.0,  -193.0,  314.5 
 -46.0,  244.0,  -193.0,  314.5 
 -46.0,  244.0,  -193.0,  314.5 
 -46.0,  244.0,  -193.0,  314.5 
 -46.0,  244.0,  -193.0,  314.5 
 -46.0,  244.0,  -193.0,  314.5 
 -46.0,  244.0,  -193.0,  314.5 
 -46.0,  244.0,  -193.0,  314.5 
 -44.0,  247.0,  -186.0,  312.3 
 -44.0,  247.0,  -186.0,  312.3 
 -44.0,  247.0,  -186.0,  312.3 
 -44.0,  247.0,  -186.0,  312.3 
 -44.0,  247.0,  -186.0,  312.3 
 -44.0,  247.0,  -186.0,  312.3 
 -44.0,  247.0,  -186.0,  312.3 
 -44.0,  247.0,  -186.0,  312.3 
 -44.0,  247.0,  -186.0,  312.3 
 -44.0,  247.0,  -186.0,  312.3 
 -43.0,  255.0,  -176.0,  312.8 
 -43.0,  255.0,  -176.0,  312.8 
 -43.0,  255.0,  -176.0,  312.8 
 -43.0,  255.0,  -176.0,  312.8 
 -43.0,  255.0,  -176.0,  312.8 
 -43.0,  255.0,  -176.0,  312.8 
 -43.0,  255.0,  -176.0,  312.8 
 -43.0,  255.0,  -176.0,  312.8 
 -43.0,  255.0,  -176.0,  312.8 
 -43.0,  255.0,  -176.0,  312.8 
 -29.0,  325.0,  -59.0,  331.6 
 -29.0,  325.0,  -59.0,  331.6 
 -29.0,  325.0,  -59.0,  331.6 
 -29.0,  325.0,  -59.0,  331.6 
 -29.0,  325.0,  -59.0,  331.6 
 -29.0,  325.0,  -59.0,  331.6 
 -29.0,  325.0,  -59.0,  331.6 
 -29.0,  325.0,  -59.0,  331.6 
 -29.0,  325.0,  -59.0,  331.6 
 -29.0,  325.0,  -59.0,  331.6 
 -29.0,  325.0,  -59.0,  331.6 
 -15.0,  339.0,  41.0,  341.8 
 -15.0,  339.0,  41.0,  341.8 
 -15.0,  339.0,  41.0,  341.8 
 -15.0,  339.0,  41.0,  341.8 
 -15.0,  339.0,  41.0,  341.8 
 -15.0,  339.0,  41.0,  341.8 
 -15.0,  339.0,  41.0,  341.8 
 -15.0,  339.0,  41.0,  341.8 
 -15.0,  339.0,  41.0,  341.8 
 -15.0,  339.0,  41.0,  341.8 
 -38.0,  332.0,  152.0,  367.1 
 -38.0,  332.0,  152.0,  367.1 
 -38.0,  332.0,  152.0,  367.1 
 -38.0,  332.0,  152.0,  367.1 
 -38.0,  332.0,  152.0,  367.1 
 -38.0,  332.0,  152.0,  367.1 
 -38.0,  332.0,  152.0,  367.1 
 -38.0,  332.0,  152.0,  367.1 
 -38.0,  332.0,  152.0,  367.1 
 -38.0,  332.0,  152.0,  367.1 
 -38.0,  332.0,  152.0,  367.1 
 -61.0,  314.0,  184.0,  369.0 
 -61.0,  314.0,  184.0,  369.0 
 -61.0,  314.0,  184.0,  369.0 
 -61.0,  314.0,  184.0,  369.0 
 -61.0,  314.0,  184.0,  369.0 
 -61.0,  314.0,  184.0,  369.0 
 -61.0,  314.0,  184.0,  369.0 
 -61.0,  314.0,  184.0,  369.0 
 -61.0,  314.0,  184.0,  369.0 
 -61.0,  314.0,  184.0,  369.0 
 -60.0,  291.0,  181.0,  347.9 
 -60.0,  291.0,  181.0,  347.9 
 -60.0,  291.0,  181.0,  347.9 
 -60.0,  291.0,  181.0,  347.9 
 -60.0,  291.0,  181.0,  347.9 
 -60.0,  291.0,  181.0,  347.9 
 -60.0,  291.0,  181.0,  347.9 
 -60.0,  291.0,  181.0,  347.9 
 -60.0,  291.0,  181.0,  347.9 
 -60.0,  291.0,  181.0,  347.9 
 -60.0,  291.0,  181.0,  347.9 
 -30.0,  281.0,  188.0,  339.4 
 -30.0,  281.0,  188.0,  339.4 
 -30.0,  281.0,  188.0,  339.4 
 -30.0,  281.0,  188.0,  339.4 
 -30.0,  281.0,  188.0,  339.4 
 -30.0,  281.0,  188.0,  339.4 
 -30.0,  281.0,  188.0,  339.4 
 -30.0,  281.0,  188.0,  339.4 
 -30.0,  281.0,  188.0,  339.4 
 -30.0,  281.0,  188.0,  339.4 
 -49.0,  286.0,  187.0,  345.2 
 -49.0,  286.0,  187.0,  345.2 
 -49.0,  286.0,  187.0,  345.2 
 -49.0,  286.0,  187.0,  345.2 
 -49.0,  286.0,  187.0,  345.2 
 -49.0,  286.0,  187.0,  345.2 
 -49.0,  286.0,  187.0,  345.2 
 -49.0,  286.0,  187.0,  345.2 
 -49.0,  286.0,  187.0,  345.2 
 -49.0,  286.0,  187.0,  345.2 
 -49.0,  286.0,  187.0,  345.2 
 -52.0,  262.0,  235.0,  355.8 
 -52.0,  262.0,  235.0,  355.8 
 -52.0,  262.0,  235.0,  355.8 
 -52.0,  262.0,  235.0,  355.8 
 -52.0,  262.0,  235.0,  355.8 
 -52.0,  262.0,  235.0,  355.8 
 -52.0,  262.0,  235.0,  355.8 
 -52.0,  262.0,  235.0,  355.8 
 -52.0,  262.0,  235.0,  355.8 
 -52.0,  262.0,  235.0,  355.8 
 -58.0,  240.0,  275.0,  369.6 
 -58.0,  240.0,  275.0,  369.6 
 -58.0,  240.0,  275.0,  369.6 
 -58.0,  240.0,  275.0,  369.6 
 -58.0,  240.0,  275.0,  369.6 
 -58.0,  240.0,  275.0,  369.6 
 -58.0,  240.0,  275.0,  369.6 
 -58.0,  240.0,  275.0,  369.6 
 -58.0,  240.0,  275.0,  369.6 
 -58.0,  240.0,  275.0,  369.6 
 -58.0,  240.0,  275.0,  369.6 
 -64.0,  226.0,  296.0,  377.9 
 -64.0,  226.0,  296.0,  377.9 
 -64.0,  226.0,  296.0,  377.9 
 -64.0,  226.0,  296.0,  377.9 
 -64.0,  226.0,  296.0,  377.9 
 -64.0,  226.0,  296.0,  377.9 
 -64.0,  226.0,  296.0,  377.9 
 -64.0,  226.0,  296.0,  377.9 
 -64.0,  226.0,  296.0,  377.9 
 -64.0,  226.0,  296.0,  377.9 
 -60.0,  203.0,  319.0,  382.8 
 -60.0,  203.0,  319.0,  382.8 
 -60.0,  203.0,  319.0,  382.8 
 -60.0,  203.0,  319.0,  382.8 
 -60.0,  203.0,  319.0,  382.8 
 -60.0,  203.0,  319.0,  382.8 
 -60.0,  203.0,  319.0,  382.8 
 -60.0,  203.0,  319.0,  382.8 
 -60.0,  203.0,  319.0,  382.8 
 -60.0,  203.0,  319.0,  382.8 
 -60.0,  203.0,  319.0,  382.8 
 -57.0,  194.0,  326.0,  383.6 
 -57.0,  194.0,  326.0,  383.6 
 -57.0,  194.0,  326.0,  383.6 
 -57.0,  194.0,  326.0,  383.6 
 -57.0,  194.0,  326.0,  383.6 
 -57.0,  194.0,  326.0,  383.6 
 -57.0,  194.0,  326.0,  383.6 
 -57.0,  194.0,  326.0,  383.6 
 -57.0,  194.0,  326.0,  383.6 
 -57.0,  194.0,  326.0,  383.6 
 -68.0,  163.0,  358.0,  399.2 
 -68.0,  163.0,  358.0,  399.2 
 -68.0,  163.0,  358.0,  399.2 
 -68.0,  163.0,  358.0,  399.2 
 -68.0,  163.0,  358.0,  399.2 
 -68.0,  163.0,  358.0,  399.2 
 -68.0,  163.0,  358.0,  399.2 
 -68.0,  163.0,  358.0,  399.2 
 -68.0,  163.0,  358.0,  399.2 
 -68.0,  163.0,  358.0,  399.2 
 -68.0,  163.0,  358.0,  399.2 
 -68.0,  107.0,  396.0,  415.8 
 -68.0,  107.0,  396.0,  415.8 
 -68.0,  107.0,  396.0,  415.8 
 -68.0,  107.0,  396.0,  415.8 
 -68.0,  107.0,  396.0,  415.8 
 -68.0,  107.0,  396.0,  415.8 
 -68.0,  107.0,  396.0,  415.8 
 -68.0,  107.0,  396.0,  415.8 
 -68.0,  107.0,  396.0,  415.8 
 -68.0,  107.0,  396.0,  415.8 
 -61.0,  64.0,  400.0,  409.7 
 -61.0,  64.0,  400.0,  409.7 
 -61.0,  64.0,  400.0,  409.7 
 -61.0,  64.0,  400.0,  409.7 
 -61.0,  64.0,  400.0,  409.7 
 -61.0,  64.0,  400.0,  409.7 
 -61.0,  64.0,  400.0,  409.7 
 -61.0,  64.0,  400.0,  409.7 
 -61.0,  64.0,  400.0,  409.7 
 -61.0,  64.0,  400.0,  409.7 
 -61.0,  64.0,  400.0,  409.7 
 -64.0,  29.0,  413.0,  418.9 
 -64.0,  29.0,  413.0,  418.9 
 -64.0,  29.0,  413.0,  418.9 
 -64.0,  29.0,  413.0,  418.9 
 -64.0,  29.0,  413.0,  418.9 
 -64.0,  29.0,  413.0,  418.9 
 -64.0,  29.0,  413.0,  418.9 
 -64.0,  29.0,  413.0,  418.9 
 -64.0,  29.0,  413.0,  418.9 
 -64.0,  29.0,  413.0,  418.9 
 -73.0,  -28.0,  415.0,  422.3 
 -73.0,  -28.0,  415.0,  422.3 
 -73.0,  -28.0,  415.0,  422.3 
 -73.0,  -28.0,  415.0,  422.3 
 -73.0,  -28.0,  415.0,  422.3 
 -73.0,  -28.0,  415.0,  422.3 
 -73.0,  -28.0,  415.0,  422.3 
 -73.0,  -28.0,  415.0,  422.3 
 -73.0,  -28.0,  415.0,  422.3 
 -73.0,  -28.0,  415.0,  422.3 
 -73.0,  -28.0,  415.0,  422.3 
 -72.0,  -62.0,  415.0,  425.7 
 -72.0,  -62.0,  415.0,  425.7 
 -72.0,  -62.0,  415.0,  425.7 
 -72.0,  -62.0,  415.0,  425.7 
 -72.0,  -62.0,  415.0,  425.7 
 -72.0,  -62.0,  415.0,  425.7 
 -72.0,  -62.0,  415.0,  425.7 
 -72.0,  -62.0,  415.0,  425.7 
 -72.0,  -62.0,  415.0,  425.7 
 -72.0,  -62.0,  415.0,  425.7 
 -73.0,  -56.0,  415.0,  425.1 
 -73.0,  -56.0,  415.0,  425.1 
 -73.0,  -56.0,  415.0,  425.1 
 -73.0,  -56.0,  415.0,  425.1 
 -73.0,  -56.0,  415.0,  425.1 
 -73.0,  -56.0,  415.0,  425.1 
 -73.0,  -56.0,  415.0,  425.1 
 -73.0,  -56.0,  415.0,  425.1 
 -73.0,  -56.0,  415.0,  425.1 
 -73.0,  -56.0,  415.0,  425.1 
 -73.0,  -56.0,  415.0,  425.1 
 -72.0,  -25.0,  420.0,  426.9 
 -72.0,  -25.0,  420.0,  426.9 
 -72.0,  -25.0,  420.0,  426.9 
 -72.0,  -25.0,  420.0,  426.9 
 -72.0,  -25.0,  420.0,  426.9 
 -72.0,  -25.0,  420.0,  426.9 
 -72.0,  -25.0,  420.0,  426.9 
 -72.0,  -25.0,  420.0,  426.9 
 -72.0,  -25.0,  420.0,  426.9 
 -72.0,  -25.0,  420.0,  426.9 
 -74.0,  -48.0,  411.0,  420.4 
 -74.0,  -48.0,  411.0,  420.4 
 -74.0,  -48.0,  411.0,  420.4 
 -74.0,  -48.0,  411.0,  420.4 
 -74.0,  -48.0,  411.0,  420.4 
 -74.0,  -48.0,  411.0,  420.4 
 -74.0,  -48.0,  411.0,  420.4 
 -74.0,  -48.0,  411.0,  420.4 
 -74.0,  -48.0,  411.0,  420.4 
 -74.0,  -48.0,  411.0,  420.4 
 -74.0,  -48.0,  411.0,  420.4 
 -67.0,  -48.0,  417.0,  425.1 
 -67.0,  -48.0,  417.0,  425.1 
 -67.0,  -48.0,  417.0,  425.1 
 -67.0,  -48.0,  417.0,  425.1 
 -67.0,  -48.0,  417.0,  425.1 
 -67.0,  -48.0,  417.0,  425.1 
 -67.0,  -48.0,  417.0,  425.1 
 -67.0,  -48.0,  417.0,  425.1 
 -67.0,  -48.0,  417.0,  425.1 
 -67.0,  -48.0,  417.0,  425.1 
 -75.0,  -62.0,  415.0,  426.3 
 -75.0,  -62.0,  415.0,  426.3 
 -75.0,  -62.0,  415.0,  426.3 
 -75.0,  -62.0,  415.0,  426.3 
 -75.0,  -62.0,  415.0,  426.3 
 -75.0,  -62.0,  415.0,  426.3 
 -75.0,  -62.0,  415.0,  426.3 
 -75.0,  -62.0,  415.0,  426.3 
 -75.0,  -62.0,  415.0,  426.3 
 -75.0,  -62.0,  415.0,  426.3 
 -75.0,  -62.0,  415.0,  426.3 
 -72.0,  -56.0,  411.0,  421.0 
 -72.0,  -56.0,  411.0,  421.0 
 -72.0,  -56.0,  411.0,  421.0 
 -72.0,  -56.0,  411.0,  421.0 
 -72.0,  -56.0,  411.0,  421.0 
 -72.0,  -56.0,  411.0,  421.0 
 -72.0,  -56.0,  411.0,  421.0 
 -72.0,  -56.0,  411.0,  421.0 
 -72.0,  -56.0,  411.0,  421.0 
 -72.0,  -56.0,  411.0,  421.0 
 -61.0,  -48.0,  415.0,  422.2 
 -61.0,  -48.0,  415.0,  422.2 
 -61.0,  -48.0,  415.0,  422.2 
 -61.0,  -48.0,  415.0,  422.2 
 -61.0,  -48.0,  415.0,  422.2 
 -61.0,  -48.0,  415.0,  422.2 
 -61.0,  -48.0,  415.0,  422.2 
 -61.0,  -48.0,  415.0,  422.2 
 -61.0,  -48.0,  415.0,  422.2 
 -61.0,  -48.0,  415.0,  422.2 
 -61.0,  -48.0,  415.0,  422.2 
 -56.0,  -63.0,  411.0,  419.6 
 -56.0,  -63.0,  411.0,  419.6 
 -56.0,  -63.0,  411.0,  419.6 
 -56.0,  -63.0,  411.0,  419.6 
 -56.0,  -63.0,  411.0,  419.6 
 -56.0,  -63.0,  411.0,  419.6 
 -56.0,  -63.0,  411.0,  419.6 
 -56.0,  -63.0,  411.0,  419.6 
 -56.0,  -63.0,  411.0,  419.6 
 -56.0,  -63.0,  411.0,  419.6 
 -75.0,  -124.0,  396.0,  421.7 
 -75.0,  -124.0,  396.0,  421.7 
 -75.0,  -124.0,  396.0,  421.7 
 -75.0,  -124.0,  396.0,  421.7 
 -75.0,  -124.0,  396.0,  421.7 
 -75.0,  -124.0,  396.0,  421.7 
 -75.0,  -124.0,  396.0,  421.7 
 -75.0,  -124.0,  396.0,  421.7 
 -75.0,  -124.0,  396.0,  421.7 
 -75.0,  -124.0,  396.0,  421.7 
 -75.0,  -124.0,  396.0,  421.7 
 -86.0,  -178.0,  374.0,  423.0 
 -86.0,  -178.0,  374.0,  423.0 
 -86.0,  -178.0,  374.0,  423.0 
 -86.0,  -178.0,  374.0,  423.0 
 -86.0,  -178.0,  374.0,  423.0 
 -86.0,  -178.0,  374.0,  423.0 
 -86.0,  -178.0,  374.0,  423.0 
 -86.0,  -178.0,  374.0,  423.0 
 -86.0,  -178.0,  374.0,  423.0 
 -86.0,  -178.0,  374.0,  423.0 
 -98.0,  -231.0,  334.0,  417.8 
 -98.0,  -231.0,  334.0,  417.8 
 -98.0,  -231.0,  334.0,  417.8 
 -98.0,  -231.0,  334.0,  417.8 
 -98.0,  -231.0,  334.0,  417.8 
 -98.0,  -231.0,  334.0,  417.8 
 -98.0,  -231.0,  334.0,  417.8 
 -98.0,  -231.0,  334.0,  417.8 
 -98.0,  -231.0,  334.0,  417.8 
 -98.0,  -231.0,  334.0,  417.8 
 -98.0,  -231.0,  334.0,  417.8 
 -115.0,  -283.0,  274.0,  410.4 
 -115.0,  -283.0,  274.0,  410.4 
 -115.0,  -283.0,  274.0,  410.4 
 -115.0,  -283.0,  274.0,  410.4 
 -115.0,  -283.0,  274.0,  410.4 
 -115.0,  -283.0,  274.0,  410.4 
 -115.0,  -283.0,  274.0,  410.4 
 -115.0,  -283.0,  274.0,  410.4 
 -115.0,  -283.0,  274.0,  410.4 
 -115.0,  -283.0,  274.0,  410.4 
 -133.0,  -317.0,  201.0,  398.2 
 -133.0,  -317.0,  201.0,  398.2 
 -133.0,  -317.0,  201.0,  398.2 
 -133.0,  -317.0,  201.0,  398.2 
 -133.0,  -317.0,  201.0,  398.2 
 -133.0,  -317.0,  201.0,  398.2 
 -133.0,  -317.0,  201.0,  398.2 
 -133.0,  -317.0,  201.0,  398.2 
 -133.0,  -317.0,  201.0,  398.2 
 -133.0,  -317.0,  201.0,  398.2 
 -132.0,  -338.0,  119.0,  381.9 
 -132.0,  -338.0,  119.0,  381.9 
 -132.0,  -338.0,  119.0,  381.9 
 -132.0,  -338.0,  119.0,  381.9 
 -132.0,  -338.0,  119.0,  381.9 
 -132.0,  -338.0,  119.0,  381.9 
 -132.0,  -338.0,  119.0,  381.9 
 -132.0,  -338.0,  119.0,  381.9 
 -132.0,  -338.0,  119.0,  381.9 
 -132.0,  -338.0,  119.0,  381.9 
 -132.0,  -338.0,  119.0,  381.9 
 -149.0,  -335.0,  49.0,  369.9 
 -149.0,  -335.0,  49.0,  369.9 
 -149.0,  -335.0,  49.0,  369.9 
 -149.0,  -335.0,  49.0,  369.9 
 -149.0,  -335.0,  49.0,  369.9 
 -149.0,  -335.0,  49.0,  369.9 
 -149.0,  -335.0,  49.0,  369.9 
 -149.0,  -335.0,  49.0,  369.9 
 -149.0,  -335.0,  49.0,  369.9 
 -149.0,  -335.0,  49.0,  369.9 
 -154.0,  -328.0,  -19.0,  362.9 
 -154.0,  -328.0,  -19.0,  362.9 
 -154.0,  -328.0,  -19.0,  362.9 
 -154.0,  -328.0,  -19.0,  362.9 
 -154.0,  -328.0,  -19.0,  362.9 
 -154.0,  -328.0,  -19.0,  362.9 
 -154.0,  -328.0,  -19.0,  362.9 
 -154.0,  -328.0,  -19.0,  362.9 
 -154.0,  -328.0,  -19.0,  362.9 
 -154.0,  -328.0,  -19.0,  362.9 
 -154.0,  -328.0,  -19.0,  362.9 
 -176.0,  -288.0,  -85.0,  348.1 
 -176.0,  -288.0,  -85.0,  348.1 
 -176.0,  -288.0,  -85.0,  348.1 
 -176.0,  -288.0,  -85.0,  348.1 
 -176.0,  -288.0,  -85.0,  348.1 
 -176.0,  -288.0,  -85.0,  348.1 
 -176.0,  -288.0,  -85.0,  348.1 
 -176.0,  -288.0,  -85.0,  348.1 
 -176.0,  -288.0,  -85.0,  348.1 
 -176.0,  -288.0,  -85.0,  348.1 
 -174.0,  -239.0,  -157.0,  334.7 
 -174.0,  -239.0,  -157.0,  334.7 
 -174.0,  -239.0,  -157.0,  334.7 
 -174.0,  -239.0,  -157.0,  334.7 
 -174.0,  -239.0,  -157.0,  334.7 
 -174.0,  -239.0,  -157.0,  334.7 
 -174.0,  -239.0,  -157.0,  334.7 
 -174.0,  -239.0,  -157.0,  334.7 
 -174.0,  -239.0,  -157.0,  334.7 
 -174.0,  -239.0,  -157.0,  334.7 
 -174.0,  -239.0,  -157.0,  334.7 
 -179.0,  -168.0,  -201.0,  317.3 
 -179.0,  -168.0,  -201.0,  317.3 
 -179.0,  -168.0,  -201.0,  317.3 
 -179.0,  -168.0,  -201.0,  317.3 
 -179.0,  -168.0,  -201.0,  317.3 
 -179.0,  -168.0,  -201.0,  317.3 
 -179.0,  -168.0,  -201.0,  317.3 
 -179.0,  -168.0,  -201.0,  317.3 
 -179.0,  -168.0,  -201.0,  317.3 
 -179.0,  -168.0,  -201.0,  317.3 
 -173.0,  -128.0,  -224.0,  310.6 
 -173.0,  -128.0,  -224.0,  310.6 
 -173.0,  -128.0,  -224.0,  310.6 
 -173.0,  -128.0,  -224.0,  310.6 
 -173.0,  -128.0,  -224.0,  310.6 
 -173.0,  -128.0,  -224.0,  310.6 
 -173.0,  -128.0,  -224.0,  310.6 
 -173.0,  -128.0,  -224.0,  310.6 
 -173.0,  -128.0,  -224.0,  310.6 
 -173.0,  -128.0,  -224.0,  310.6 
 -159.0,  -77.0,  -237.0,  295.6 
 -159.0,  -77.0,  -237.0,  295.6 
 -159.0,  -77.0,  -237.0,  295.6 
 -159.0,  -77.0,  -237.0,  295.6 
 -159.0,  -77.0,  -237.0,  295.6 
 -159.0,  -77.0,  -237.0,  295.6 
 -159.0,  -77.0,  -237.0,  295.6 
 -159.0,  -77.0,  -237.0,  295.6 
 -159.0,  -77.0,  -237.0,  295.6 
 -159.0,  -77.0,  -237.0,  295.6 
 -159.0,  -77.0,  -237.0,  295.6 
 -167.0,  -25.0,  -240.0,  293.5 
 -167.0,  -25.0,  -240.0,  293.5 
 -167.0,  -25.0,  -240.0,  293.5 
 -167.0,  -25.0,  -240.0,  293.5 
 -167.0,  -25.0,  -240.0,  293.5 
 -167.0,  -25.0,  -240.0,  293.5 
 -167.0,  -25.0,  -240.0,  293.5 
 -167.0,  -25.0,  -240.0,  293.5 
 -167.0,  -25.0,  -240.0,  293.5 
 -167.0,  -25.0,  -240.0,  293.5 
 -186.0,  66.0,  -217.0,  293.3 
 -186.0,  66.0,  -217.0,  293.3 
 -186.0,  66.0,  -217.0,  293.3 
 -186.0,  66.0,  -217.0,  293.3 
 -186.0,  66.0,  -217.0,  293.3 
 -186.0,  66.0,  -217.0,  293.3 
 -186.0,  66.0,  -217.0,  293.3 
 -186.0,  66.0,  -217.0,  293.3 
 -186.0,  66.0,  -217.0,  293.3 
 -186.0,  66.0,  -217.0,  293.3 
 -186.0,  66.0,  -217.0,  293.3 
 -202.0,  134.0,  -174.0,  298.4 
 -202.0,  134.0,  -174.0,  298.4 
 -202.0,  134.0,  -174.0,  298.4 
 -202.0,  134.0,  -174.0,  298.4 
 -202.0,  134.0,  -174.0,  298.4 
 -202.0,  134.0,  -174.0,  298.4 
 -202.0,  134.0,  -174.0,  298.4 
 -202.0,  134.0,  -174.0,  298.4 
 -202.0,  134.0,  -174.0,  298.4 
 -202.0,  134.0,  -174.0,  298.4 
 -162.0,  180.0,  -160.0,  290.2 
 -162.0,  180.0,  -160.0,  290.2 
 -162.0,  180.0,  -160.0,  290.2 
 -162.0,  180.0,  -160.0,  290.2 
 -162.0,  180.0,  -160.0,  290.2 
 -162.0,  180.0,  -160.0,  290.2 
 -162.0,  180.0,  -160.0,  290.2 
 -162.0,  180.0,  -160.0,  290.2 
 -162.0,  180.0,  -160.0,  290.2 
 -162.0,  180.0,  -160.0,  290.2 
 -133.0,  234.0,  -122.0,  295.5 
 -133.0,  234.0,  -122.0,  295.5 
 -133.0,  234.0,  -122.0,  295.5 
 -133.0,  234.0,  -122.0,  295.5 
 -133.0,  234.0,  -122.0,  295.5 
 -133.0,  234.0,  -122.0,  295.5 
 -133.0,  234.0,  -122.0,  295.5 
 -133.0,  234.0,  -122.0,  295.5 
 -133.0,  234.0,  -122.0,  295.5 
 -133.0,  234.0,  -122.0,  295.5 
 -133.0,  234.0,  -122.0,  295.5 
 -123.0,  280.0,  -33.0,  307.6 
 -123.0,  280.0,  -33.0,  307.6 
 -123.0,  280.0,  -33.0,  307.6 
 -123.0,  280.0,  -33.0,  307.6 
 -123.0,  280.0,  -33.0,  307.6 
 -123.0,  280.0,  -33.0,  307.6 
 -123.0,  280.0,  -33.0,  307.6 
 -123.0,  280.0,  -33.0,  307.6 
 -123.0,  280.0,  -33.0,  307.6 
 -123.0,  280.0,  -33.0,  307.6 
 -104.0,  300.0,  97.0,  332.0 
 -104.0,  300.0,  97.0,  332.0 
 -104.0,  300.0,  97.0,  332.0 
 -104.0,  300.0,  97.0,  332.0 
 -104.0,  300.0,  97.0,  332.0 
 -104.0,  300.0,  97.0,  332.0 
 -104.0,  300.0,  97.0,  332.0 
 -104.0,  300.0,  97.0,  332.0 
 -104.0,  300.0,  97.0,  332.0 
 -104.0,  300.0,  97.0,  332.0 
 -104.0,  300.0,  97.0,  332.0 
 -40.0,  287.0,  191.0,  347.1 
 -40.0,  287.0,  191.0,  347.1 
 -40.0,  287.0,  191.0,  347.1 
 -40.0,  287.0,  191.0,  347.1 
 -40.0,  287.0,  191.0,  347.1 
 -40.0,  287.0,  191.0,  347.1 
 -40.0,  287.0,  191.0,  347.1 
 -40.0,  287.0,  191.0,  347.1 
 -40.0,  287.0,  191.0,  347.1 
 -40.0,  287.0,  191.0,  347.1 
 -56.0,  276.0,  214.0,  353.7 
 -56.0,  276.0,  214.0,  353.7 
 -56.0,  276.0,  214.0,  353.7 
 -56.0,  276.0,  214.0,  353.7 
 -56.0,  276.0,  214.0,  353.7 
 -56.0,  276.0,  214.0,  353.7 
 -56.0,  276.0,  214.0,  353.7 
 -56.0,  276.0,  214.0,  353.7 
 -56.0,  276.0,  214.0,  353.7 
 -56.0,  276.0,  214.0,  353.7 
 -56.0,  276.0,  214.0,  353.7 
 -35.0,  269.0,  225.0,  352.4 
 -35.0,  269.0,  225.0,  352.4 
 -35.0,  269.0,  225.0,  352.4 
 -35.0,  269.0,  225.0,  352.4 
 -35.0,  269.0,  225.0,  352.4 
 -35.0,  269.0,  225.0,  352.4 
 -35.0,  269.0,  225.0,  352.4 
 -35.0,  269.0,  225.0,  352.4 
 -35.0,  269.0,  225.0,  352.4 
 -35.0,  269.0,  225.0,  352.4 
 55.0,  253.0,  192.0,  322.3 
 55.0,  253.0,  192.0,  322.3 
 55.0,  253.0,  192.0,  322.3 
 55.0,  253.0,  192.0,  322.3 
 55.0,  253.0,  192.0,  322.3 
 55.0,  253.0,  192.0,  322.3 
 55.0,  253.0,  192.0,  322.3 
 55.0,  253.0,  192.0,  322.3 
 55.0,  253.0,  192.0,  322.3 
 55.0,  253.0,  192.0,  322.3 
 55.0,  253.0,  192.0,  322.3 
 130.0,  210.0,  170.0,  299.8 
 130.0,  210.0,  170.0,  299.8 
 130.0,  210.0,  170.0,  299.8 
 130.0,  210.0,  170.0,  299.8 
 130.0,  210.0,  170.0,  299.8 
 130.0,  210.0,  170.0,  299.8 
 130.0,  210.0,  170.0,  299.8 
 130.0,  210.0,  170.0,  299.8 
 130.0,  210.0,  170.0,  299.8 
 130.0,  210.0,  170.0,  299.8 
 197.0,  134.0,  165.0,  289.8 
 197.0,  134.0,  165.0,  289.8 
 197.0,  134.0,  165.0,  289.8 
 197.0,  134.0,  165.0,  289.8 
 197.0,  134.0,  165.0,  289.8 
 197.0,  134.0,  165.0,  289.8 
 197.0,  134.0,  165.0,  289.8 
 197.0,  134.0,  165.0,  289.8 
 197.0,  134.0,  165.0,  289.8 
 197.0,  134.0,  165.0,  289.8 
 197.0,  134.0,  165.0,  289.8 
 216.0,  47.0,  191.0,  292.1 
 216.0,  47.0,  191.0,  292.1 
 216.0,  47.0,  191.0,  292.1 
 216.0,  47.0,  191.0,  292.1 
 216.0,  47.0,  191.0,  292.1 
 216.0,  47.0,  191.0,  292.1 
 216.0,  47.0,  191.0,  292.1 
 216.0,  47.0,  191.0,  292.1 
 216.0,  47.0,  191.0,  292.1 
 216.0,  47.0,  191.0,  292.1 
 243.0,  13.0,  151.0,  286.4 
 243.0,  13.0,  151.0,  286.4 
 243.0,  13.0,  151.0,  286.4 
 243.0,  13.0,  151.0,  286.4 
 243.0,  13.0,  151.0,  286.4 
 243.0,  13.0,  151.0,  286.4 
 243.0,  13.0,  151.0,  286.4 
 243.0,  13.0,  151.0,  286.4 
 243.0,  13.0,  151.0,  286.4 
 243.0,  13.0,  151.0,  286.4 
 243.0,  13.0,  151.0,  286.4 
 248.0,  -1.0,  47.0,  252.4 
 248.0,  -1.0,  47.0,  252.4 
 248.0,  -1.0,  47.0,  252.4 
 248.0,  -1.0,  47.0,  252.4 
 248.0,  -1.0,  47.0,  252.4 
 248.0,  -1.0,  47.0,  252.4 
 248.0,  -1.0,  47.0,  252.4 
 248.0,  -1.0,  47.0,  252.4 
 248.0,  -1.0,  47.0,  252.4 
 248.0,  -1.0,  47.0,  252.4 
 219.0,  40.0,  -73.0,  234.3 
 219.0,  40.0,  -73.0,  234.3 
 219.0,  40.0,  -73.0,  234.3 
 219.0,  40.0,  -73.0,  234.3 
 219.0,  40.0,  -73.0,  234.3 
 219.0,  40.0,  -73.0,  234.3 
 219.0,  40.0,  -73.0,  234.3 
 219.0,  40.0,  -73.0,  234.3 
 219.0,  40.0,  -73.0,  234.3 
 219.0,  40.0,  -73.0,  234.3 
 219.0,  40.0,  -73.0,  234.3 
 156.0,  58.0,  -153.0,  226.1 
 156.0,  58.0,  -153.0,  226.1 
 156.0,  58.0,  -153.0,  226.1 
 156.0,  58.0,  -153.0,  226.1 
 156.0,  58.0,  -153.0,  226.1 
 156.0,  58.0,  -153.0,  226.1 
 156.0,  58.0,  -153.0,  226.1 
 156.0,  58.0,  -153.0,  226.1 
 156.0,  58.0,  -153.0,  226.1 
 156.0,  58.0,  -153.0,  226.1 
 93.0,  57.0,  -203.0,  230.4 
 93.0,  57.0,  -203.0,  230.4 
 93.0,  57.0,  -203.0,  230.4 
 93.0,  57.0,  -203.0,  230.4 
 93.0,  57.0,  -203.0,  230.4 
 93.0,  57.0,  -203.0,  230.4 
 93.0,  57.0,  -203.0,  230.4 
 93.0,  57.0,  -203.0,  230.4 
 93.0,  57.0,  -203.0,  230.4 
 93.0,  57.0,  -203.0,  230.4 
 93.0,  57.0,  -203.0,  230.4 
 39.0,  23.0,  -239.0,  243.3 
 39.0,  23.0,  -239.0,  243.3 
 39.0,  23.0,  -239.0,  243.3 
 39.0,  23.0,  -239.0,  243.3 
 39.0,  23.0,  -239.0,  243.3 
 39.0,  23.0,  -239.0,  243.3 
 39.0,  23.0,  -239.0,  243.3 
 39.0,  23.0,  -239.0,  243.3 
 39.0,  23.0,  -239.0,  243.3 
 39.0,  23.0,  -239.0,  243.3 
 -16.0,  32.0,  -255.0,  257.5 
 -16.0,  32.0,  -255.0,  257.5 
 -16.0,  32.0,  -255.0,  257.5 
 -16.0,  32.0,  -255.0,  257.5 
 -16.0,  32.0,  -255.0,  257.5 
 -16.0,  32.0,  -255.0,  257.5 
 -16.0,  32.0,  -255.0,  257.5 
 -16.0,  32.0,  -255.0,  257.5 
 -16.0,  32.0,  -255.0,  257.5 
 -16.0,  32.0,  -255.0,  257.5 
 -16.0,  32.0,  -255.0,  257.5 
 -84.0,  -3.0,  -251.0,  264.7 
 -84.0,  -3.0,  -251.0,  264.7 
 -84.0,  -3.0,  -251.0,  264.7 
 -84.0,  -3.0,  -251.0,  264.7 
 -84.0,  -3.0,  -251.0,  264.7 
 -84.0,  -3.0,  -251.0,  264.7 
 -84.0,  -3.0,  -251.0,  264.7 
 -84.0,  -3.0,  -251.0,  264.7 
 -84.0,  -3.0,  -251.0,  264.7 
 -84.0,  -3.0,  -251.0,  264.7 
 -142.0,  -2.0,  -255.0,  291.9 
 -142.0,  -2.0,  -255.0,  291.9 
 -142.0,  -2.0,  -255.0,  291.9 
 -142.0,  -2.0,  -255.0,  291.9 
 -142.0,  -2.0,  -255.0,  291.9 
 -142.0,  -2.0,  -255.0,  291.9 
 -142.0,  -2.0,  -255.0,  291.9 
 -142.0,  -2.0,  -255.0,  291.9 
 -142.0,  -2.0,  -255.0,  291.9 
 -142.0,  -2.0,  -255.0,  291.9 
 -142.0,  -2.0,  -255.0,  291.9 
 -167.0,   6.0,  -243.0,  294.9 
 -167.0,   6.0,  -243.0,  294.9 
 -167.0,   6.0,  -243.0,  294.9 
 -167.0,   6.0,  -243.0,  294.9 
 -167.0,   6.0,  -243.0,  294.9 
 -167.0,   6.0,  -243.0,  294.9 
 -167.0,   6.0,  -243.0,  294.9 
 -167.0,   6.0,  -243.0,  294.9 
 -167.0,   6.0,  -243.0,  294.9 
 -167.0,   6.0,  -243.0,  294.9 
 -201.0,  15.0,  -227.0,  303.6 
 -201.0,  15.0,  -227.0,  303.6 
 -201.0,  15.0,  -227.0,  303.6 
 -201.0,  15.0,  -227.0,  303.6 
 -201.0,  15.0,  -227.0,  303.6 
 -201.0,  15.0,  -227.0,  303.6 
 -201.0,  15.0,  -227.0,  303.6 
 -201.0,  15.0,  -227.0,  303.6 
 -201.0,  15.0,  -227.0,  303.6 
 -201.0,  15.0,  -227.0,  303.6 
 -201.0,  15.0,  -227.0,  303.6 
 -236.0,  30.0,  -207.0,  315.3 
 -236.0,  30.0,  -207.0,  315.3 
 -236.0,  30.0,  -207.0,  315.3 
 -236.0,  30.0,  -207.0,  315.3 
 -236.0,  30.0,  -207.0,  315.3 
 -236.0,  30.0,  -207.0,  315.3 
 -236.0,  30.0,  -207.0,  315.3 
 -236.0,  30.0,  -207.0,  315.3 
 -236.0,  30.0,  -207.0,  315.3 
 -236.0,  30.0,  -207.0,  315.3 
 -293.0,  26.0,  -162.0,  335.8 
 -293.0,  26.0,  -162.0,  335.8 
 -293.0,  26.0,  -162.0,  335.8 
 -293.0,  26.0,  -162.0,  335.8 
 -293.0,  26.0,  -162.0,  335.8 
 -293.0,  26.0,  -162.0,  335.8 
 -293.0,  26.0,  -162.0,  335.8 
 -293.0,  26.0,  -162.0,  335.8 
 -293.0,  26.0,  -162.0,  335.8 
 -293.0,  26.0,  -162.0,  335.8 
 -343.0,  27.0,  -102.0,  358.9 
 -343.0,  27.0,  -102.0,  358.9 
 -343.0,  27.0,  -102.0,  358.9 
 -343.0,  27.0,  -102.0,  358.9 
 -343.0,  27.0,  -102.0,  358.9 
 -343.0,  27.0,  -102.0,  358.9 
 -343.0,  27.0,  -102.0,  358.9 
 -343.0,  27.0,  -102.0,  358.9 
 -343.0,  27.0,  -102.0,  358.9 
 -343.0,  27.0,  -102.0,  358.9 
 -343.0,  27.0,  -102.0,  358.9 
 -376.0,  15.0,  -45.0,  379.0 
 -376.0,  15.0,  -45.0,  379.0 
 -376.0,  15.0,  -45.0,  379.0 
 -376.0,  15.0,  -45.0,  379.0 
 -376.0,  15.0,  -45.0,  379.0 
 -376.0,  15.0,  -45.0,  379.0 
 -376.0,  15.0,  -45.0,  379.0 
 -376.0,  15.0,  -45.0,  379.0 
 -376.0,  15.0,  -45.0,  379.0 
 -376.0,  15.0,  -45.0,  379.0 
 -405.0,  14.0,  35.0,  406.8 
 -405.0,  14.0,  35.0,  406.8 
 -405.0,  14.0,  35.0,  406.8 
 -405.0,  14.0,  35.0,  406.8 
 -405.0,  14.0,  35.0,  406.8 
 -405.0,  14.0,  35.0,  406.8 
 -405.0,  14.0,  35.0,  406.8 
 -405.0,  14.0,  35.0,  406.8 
 -405.0,  14.0,  35.0,  406.8 
 -405.0,  14.0,  35.0,  406.8 
 -405.0,  14.0,  35.0,  406.8 
 -409.0,  -4.0,  95.0,  419.9 
 -409.0,  -4.0,  95.0,  419.9 
 -409.0,  -4.0,  95.0,  419.9 
 -409.0,  -4.0,  95.0,  419.9 
 -409.0,  -4.0,  95.0,  419.9 
 -409.0,  -4.0,  95.0,  419.9 
 -409.0,  -4.0,  95.0,  419.9 
 -409.0,  -4.0,  95.0,  419.9 
 -409.0,  -4.0,  95.0,  419.9 
 -409.0,  -4.0,  95.0,  419.9 
 -398.0,  23.0,  140.0,  422.5 
 -398.0,  23.0,  140.0,  422.5 
 -398.0,  23.0,  140.0,  422.5 
 -398.0,  23.0,  140.0,  422.5 
 -398.0,  23.0,  140.0,  422.5 
 -398.0,  23.0,  140.0,  422.5 
 -398.0,  23.0,  140.0,  422.5 
 -398.0,  23.0,  140.0,  422.5 
 -398.0,  23.0,  140.0,  422.5 
 -398.0,  23.0,  140.0,  422.5 
 -398.0,  23.0,  140.0,  422.5 
 -392.0,  33.0,  188.0,  436.0 
 -392.0,  33.0,  188.0,  436.0 
 -392.0,  33.0,  188.0,  436.0 
 -392.0,  33.0,  188.0,  436.0 
 -392.0,  33.0,  188.0,  436.0 
 -392.0,  33.0,  188.0,  436.0 
 -392.0,  33.0,  188.0,  436.0 
 -392.0,  33.0,  188.0,  436.0 
 -392.0,  33.0,  188.0,  436.0 
 -392.0,  33.0,  188.0,  436.0 
 -368.0,   5.0,  247.0,  443.2 
 -368.0,   5.0,  247.0,  443.2 
 -368.0,   5.0,  247.0,  443.2 
 -368.0,   5.0,  247.0,  443.2 
 -368.0,   5.0,  247.0,  443.2 
 -368.0,   5.0,  247.0,  443.2 
 -368.0,   5.0,  247.0,  443.2 
 -368.0,   5.0,  247.0,  443.2 
 -368.0,   5.0,  247.0,  443.2 
 -368.0,   5.0,  247.0,  443.2 
 -368.0,   5.0,  247.0,  443.2 
 -329.0,  -10.0,  306.0,  449.4 
 -329.0,  -10.0,  306.0,  449.4 
 -329.0,  -10.0,  306.0,  449.4 
 -329.0,  -10.0,  306.0,  449.4 
 -329.0,  -10.0,  306.0,  449.4 
 -329.0,  -10.0,  306.0,  449.4 
 -329.0,  -10.0,  306.0,  449.4 
 -329.0,  -10.0,  306.0,  449.4 
 -329.0,  -10.0,  306.0,  449.4 
 -329.0,  -10.0,  306.0,  449.4 
 -298.0,  -31.0,  342.0,  454.7 
 -298.0,  -31.0,  342.0,  454.7 
 -298.0,  -31.0,  342.0,  454.7 
 -298.0,  -31.0,  342.0,  454.7 
 -298.0,  -31.0,  342.0,  454.7 
 -298.0,  -31.0,  342.0,  454.7 
 -298.0,  -31.0,  342.0,  454.7 
 -298.0,  -31.0,  342.0,  454.7 
 -298.0,  -31.0,  342.0,  454.7 
 -298.0,  -31.0,  342.0,  454.7 
 -298.0,  -31.0,  342.0,  454.7 
 -254.0,  -36.0,  365.0,  446.1 
 -254.0,  -36.0,  365.0,  446.1 
 -254.0,  -36.0,  365.0,  446.1 
 -254.0,  -36.0,  365.0,  446.1 
 -254.0,  -36.0,  365.0,  446.1 
 -254.0,  -36.0,  365.0,  446.1 
 -254.0,  -36.0,  365.0,  446.1 
 -254.0,  -36.0,  365.0,  446.1 
 -254.0,  -36.0,  365.0,  446.1 
 -254.0,  -36.0,  365.0,  446.1 
 -200.0,  -14.0,  395.0,  443.0 
 -200.0,  -14.0,  395.0,  443.0 
 -200.0,  -14.0,  395.0,  443.0 
 -200.0,  -14.0,  395.0,  443.0 
 -200.0,  -14.0,  395.0,  443.0 
 -200.0,  -14.0,  395.0,  443.0 
 -200.0,  -14.0,  395.0,  443.0 
 -200.0,  -14.0,  395.0,  443.0 
 -200.0,  -14.0,  395.0,  443.0 
 -200.0,  -14.0,  395.0,  443.0 
 -164.0,   3.0,  407.0,  438.8 
 -164.0,   3.0,  407.0,  438.8 
 -164.0,   3.0,  407.0,  438.8 
 -164.0,   3.0,  407.0,  438.8 
 -164.0,   3.0,  407.0,  438.8 
 -164.0,   3.0,  407.0,  438.8 
 -164.0,   3.0,  407.0,  438.8 
 -164.0,   3.0,  407.0,  438.8 
 -164.0,   3.0,  407.0,  438.8 
 -164.0,   3.0,  407.0,  438.8 
 -164.0,   3.0,  407.0,  438.8 
 -80.0,  29.0,  416.0,  424.6 
 -80.0,  29.0,  416.0,  424.6 
 -80.0,  29.0,  416.0,  424.6 
 -80.0,  29.0,  416.0,  424.6 
 -80.0,  29.0,  416.0,  424.6 
 -80.0,  29.0,  416.0,  424.6 
 -80.0,  29.0,  416.0,  424.6 
 -80.0,  29.0,  416.0,  424.6 
 -80.0,  29.0,  416.0,  424.6 
 -80.0,  29.0,  416.0,  424.6 
 -23.0,  51.0,  408.0,  411.8 
 -23.0,  51.0,  408.0,  411.8 
 -23.0,  51.0,  408.0,  411.8 
 -23.0,  51.0,  408.0,  411.8 
 -23.0,  51.0,  408.0,  411.8 
 -23.0,  51.0,  408.0,  411.8 
 -23.0,  51.0,  408.0,  411.8 
 -23.0,  51.0,  408.0,  411.8 
 -23.0,  51.0,  408.0,  411.8 
 -23.0,  51.0,  408.0,  411.8 
 -23.0,  51.0,  408.0,  411.8 
 72.0,  69.0,  363.0,  376.4 
 72.0,  69.0,  363.0,  376.4 
 72.0,  69.0,  363.0,  376.4 
 72.0,  69.0,  363.0,  376.4 
 72.0,  69.0,  363.0,  376.4 
 72.0,  69.0,  363.0,  376.4 
 72.0,  69.0,  363.0,  376.4 
 72.0,  69.0,  363.0,  376.4 
 72.0,  69.0,  363.0,  376.4 
 72.0,  69.0,  363.0,  376.4 
 114.0,  66.0,  335.0,  360.0 
 114.0,  66.0,  335.0,  360.0 
 114.0,  66.0,  335.0,  360.0 
 114.0,  66.0,  335.0,  360.0 
 114.0,  66.0,  335.0,  360.0 
 114.0,  66.0,  335.0,  360.0 
 114.0,  66.0,  335.0,  360.0 
 114.0,  66.0,  335.0,  360.0 
 114.0,  66.0,  335.0,  360.0 
 114.0,  66.0,  335.0,  360.0 
 114.0,  66.0,  335.0,  360.0 
 181.0,  46.0,  271.0,  329.1 
 181.0,  46.0,  271.0,  329.1 
 181.0,  46.0,  271.0,  329.1 
 181.0,  46.0,  271.0,  329.1 
 181.0,  46.0,  271.0,  329.1 
 181.0,  46.0,  271.0,  329.1 
 181.0,  46.0,  271.0,  329.1 
 181.0,  46.0,  271.0,  329.1 
 181.0,  46.0,  271.0,  329.1 
 181.0,  46.0,  271.0,  329.1 
 210.0,  60.0,  208.0,  301.6 
 210.0,  60.0,  208.0,  301.6 
 210.0,  60.0,  208.0,  301.6 
 210.0,  60.0,  208.0,  301.6 
 210.0,  60.0,  208.0,  301.6 
 210.0,  60.0,  208.0,  301.6 
 210.0,  60.0,  208.0,  301.6 
 210.0,  60.0,  208.0,  301.6 
 210.0,  60.0,  208.0,  301.6 
 210.0,  60.0,  208.0,  301.6 
 210.0,  60.0,  208.0,  301.6 
 222.0,  59.0,  165.0,  282.8 
 222.0,  59.0,  165.0,  282.8 
 222.0,  59.0,  165.0,  282.8 
 222.0,  59.0,  165.0,  282.8 
 222.0,  59.0,  165.0,  282.8 
 222.0,  59.0,  165.0,  282.8 
 222.0,  59.0,  165.0,  282.8 
 222.0,  59.0,  165.0,  282.8 
 222.0,  59.0,  165.0,  282.8 
 222.0,  59.0,  165.0,  282.8 
 199.0,  113.0,  175.0,  288.1 
 199.0,  113.0,  175.0,  288.1 
 199.0,  113.0,  175.0,  288.1 
 199.0,  113.0,  175.0,  288.1 
 199.0,  113.0,  175.0,  288.1 
 199.0,  113.0,  175.0,  288.1 
 199.0,  113.0,  175.0,  288.1 
 199.0,  113.0,  175.0,  288.1 
 199.0,  113.0,  175.0,  288.1 
 199.0,  113.0,  175.0,  288.1 
 199.0,  113.0,  175.0,  288.1 
 197.0,  133.0,  144.0,  277.9 
 197.0,  133.0,  144.0,  277.9 
 197.0,  133.0,  144.0,  277.9 
 197.0,  133.0,  144.0,  277.9 
 197.0,  133.0,  144.0,  277.9 
 197.0,  133.0,  144.0,  277.9 
 197.0,  133.0,  144.0,  277.9 
 197.0,  133.0,  144.0,  277.9 
 197.0,  133.0,  144.0,  277.9 
 197.0,  133.0,  144.0,  277.9 
 158.0,  191.0,  97.0,  266.2 
 158.0,  191.0,  97.0,  266.2 
 158.0,  191.0,  97.0,  266.2 
 158.0,  191.0,  97.0,  266.2 
 158.0,  191.0,  97.0,  266.2 
 158.0,  191.0,  97.0,  266.2 
 158.0,  191.0,  97.0,  266.2 
 158.0,  191.0,  97.0,  266.2 
 158.0,  191.0,  97.0,  266.2 
 158.0,  191.0,  97.0,  266.2 
 158.0,  191.0,  97.0,  266.2 
 156.0,  199.0,  76.0,  264.0 
 156.0,  199.0,  76.0,  264.0 
 156.0,  199.0,  76.0,  264.0 
 156.0,  199.0,  76.0,  264.0 
 156.0,  199.0,  76.0,  264.0 
 156.0,  199.0,  76.0,  264.0 
 156.0,  199.0,  76.0,  264.0 
 156.0,  199.0,  76.0,  264.0 
 156.0,  199.0,  76.0,  264.0 
 156.0,  199.0,  76.0,  264.0 
 84.0,  245.0,  90.0,  274.2 
 84.0,  245.0,  90.0,  274.2 
 84.0,  245.0,  90.0,  274.2 
 84.0,  245.0,  90.0,  274.2 
 84.0,  245.0,  90.0,  274.2 
 84.0,  245.0,  90.0,  274.2 
 84.0,  245.0,  90.0,  274.2 
 84.0,  245.0,  90.0,  274.2 
 84.0,  245.0,  90.0,  274.2 
 84.0,  245.0,  90.0,  274.2 
 84.0,  245.0,  90.0,  274.2 
 101.0,  239.0,  83.0,  272.4 
 101.0,  239.0,  83.0,  272.4 
 101.0,  239.0,  83.0,  272.4 
 101.0,  239.0,  83.0,  272.4 
 101.0,  239.0,  83.0,  272.4 
 101.0,  239.0,  83.0,  272.4 
 101.0,  239.0,  83.0,  272.4 
 101.0,  239.0,  83.0,  272.4 
 101.0,  239.0,  83.0,  272.4 
 101.0,  239.0,  83.0,  272.4 
 144.0,  209.0,  79.0,  265.8 
 144.0,  209.0,  79.0,  265.8 
 144.0,  209.0,  79.0,  265.8 
 144.0,  209.0,  79.0,  265.8 
 144.0,  209.0,  79.0,  265.8 
 144.0,  209.0,  79.0,  265.8 
 144.0,  209.0,  79.0,  265.8 
 144.0,  209.0,  79.0,  265.8 
 144.0,  209.0,  79.0,  265.8 
 144.0,  209.0,  79.0,  265.8 
 144.0,  209.0,  79.0,  265.8 
 171.0,  176.0,  65.0,  253.9 
 171.0,  176.0,  65.0,  253.9 
 171.0,  176.0,  65.0,  253.9 
 171.0,  176.0,  65.0,  253.9 
 171.0,  176.0,  65.0,  253.9 
 171.0,  176.0,  65.0,  253.9 
 171.0,  176.0,  65.0,  253.9 
 171.0,  176.0,  65.0,  253.9 
 171.0,  176.0,  65.0,  253.9 
 171.0,  176.0,  65.0,  253.9 
 198.0,  139.0,  70.0,  251.8 
 198.0,  139.0,  70.0,  251.8 
 198.0,  139.0,  70.0,  251.8 
 198.0,  139.0,  70.0,  251.8 
 198.0,  139.0,  70.0,  251.8 
 198.0,  139.0,  70.0,  251.8 
 198.0,  139.0,  70.0,  251.8 
 198.0,  139.0,  70.0,  251.8 
 198.0,  139.0,  70.0,  251.8 
 198.0,  139.0,  70.0,  251.8 
 198.0,  139.0,  70.0,  251.8 
 222.0,  87.0,  64.0,  246.9 
 222.0,  87.0,  64.0,  246.9 
 222.0,  87.0,  64.0,  246.9 
 222.0,  87.0,  64.0,  246.9 
 222.0,  87.0,  64.0,  246.9 
 222.0,  87.0,  64.0,  246.9 
 222.0,  87.0,  64.0,  246.9 
 222.0,  87.0,  64.0,  246.9 
 222.0,  87.0,  64.0,  246.9 
 222.0,  87.0,  64.0,  246.9 
 238.0,  49.0,  66.0,  251.8 
 238.0,  49.0,  66.0,  251.8 
 238.0,  49.0,  66.0,  251.8 
 238.0,  49.0,  66.0,  251.8 
 238.0,  49.0,  66.0,  251.8 
 238.0,  49.0,  66.0,  251.8 
 238.0,  49.0,  66.0,  251.8 
 238.0,  49.0,  66.0,  251.8 
 238.0,  49.0,  66.0,  251.8 
 238.0,  49.0,  66.0,  251.8 
 238.0,  49.0,  66.0,  251.8 
 243.0,   8.0,  65.0,  251.7 
 243.0,   8.0,  65.0,  251.7 
 243.0,   8.0,  65.0,  251.7 
 243.0,   8.0,  65.0,  251.7 
 243.0,   8.0,  65.0,  251.7 
 243.0,   8.0,  65.0,  251.7 
 243.0,   8.0,  65.0,  251.7 
 243.0,   8.0,  65.0,  251.7 
 243.0,   8.0,  65.0,  251.7 
 243.0,   8.0,  65.0,  251.7 
 239.0,  -61.0,  66.0,  255.3 
 239.0,  -61.0,  66.0,  255.3 
 239.0,  -61.0,  66.0,  255.3 
 239.0,  -61.0,  66.0,  255.3 
 239.0,  -61.0,  66.0,  255.3 
 239.0,  -61.0,  66.0,  255.3 
 239.0,  -61.0,  66.0,  255.3 
 239.0,  -61.0,  66.0,  255.3 
 239.0,  -61.0,  66.0,  255.3 
 239.0,  -61.0,  66.0,  255.3 
 239.0,  -61.0,  66.0,  255.3 
 229.0,  -108.0,  72.0,  263.2 
 229.0,  -108.0,  72.0,  263.2 
 229.0,  -108.0,  72.0,  263.2 
 229.0,  -108.0,  72.0,  263.2 
 229.0,  -108.0,  72.0,  263.2 
 229.0,  -108.0,  72.0,  263.2 
 229.0,  -108.0,  72.0,  263.2 
 229.0,  -108.0,  72.0,  263.2 
 229.0,  -108.0,  72.0,  263.2 
 229.0,  -108.0,  72.0,  263.2 
 223.0,  -135.0,  67.0,  269.2 
 223.0,  -135.0,  67.0,  269.2 
 223.0,  -135.0,  67.0,  269.2 
 223.0,  -135.0,  67.0,  269.2 
 223.0,  -135.0,  67.0,  269.2 
 223.0,  -135.0,  67.0,  269.2 
 223.0,  -135.0,  67.0,  269.2 
 223.0,  -135.0,  67.0,  269.2 
 223.0,  -135.0,  67.0,  269.2 
 223.0,  -135.0,  67.0,  269.2 
 223.0,  -135.0,  67.0,  269.2 
 241.0,  -57.0,  66.0,  256.3 
 241.0,  -57.0,  66.0,  256.3 
 241.0,  -57.0,  66.0,  256.3 
 241.0,  -57.0,  66.0,  256.3 
 241.0,  -57.0,  66.0,  256.3 
 241.0,  -57.0,  66.0,  256.3 
 241.0,  -57.0,  66.0,  256.3 
 241.0,  -57.0,  66.0,  256.3 
 241.0,  -57.0,  66.0,  256.3 
 241.0,  -57.0,  66.0,  256.3 
 236.0,  29.0,  65.0,  246.5 
 236.0,  29.0,  65.0,  246.5 
 236.0,  29.0,  65.0,  246.5 
 236.0,  29.0,  65.0,  246.5 
 236.0,  29.0,  65.0,  246.5 
 236.0,  29.0,  65.0,  246.5 
 236.0,  29.0,  65.0,  246.5 
 236.0,  29.0,  65.0,  246.5 
 236.0,  29.0,  65.0,  246.5 
 236.0,  29.0,  65.0,  246.5 
 236.0,  29.0,  65.0,  246.5 
 204.0,  119.0,  67.0,  245.5 
 204.0,  119.0,  67.0,  245.5 
 204.0,  119.0,  67.0,  245.5 
 204.0,  119.0,  67.0,  245.5 
 204.0,  119.0,  67.0,  245.5 
 204.0,  119.0,  67.0,  245.5 
 204.0,  119.0,  67.0,  245.5 
 204.0,  119.0,  67.0,  245.5 
 204.0,  119.0,  67.0,  245.5 
 204.0,  119.0,  67.0,  245.5 
 156.0,  197.0,  76.0,  262.5 
 156.0,  197.0,  76.0,  262.5 
 156.0,  197.0,  76.0,  262.5 
 156.0,  197.0,  76.0,  262.5 
 156.0,  197.0,  76.0,  262.5 
 156.0,  197.0,  76.0,  262.5 
 156.0,  197.0,  76.0,  262.5 
 156.0,  197.0,  76.0,  262.5 
 156.0,  197.0,  76.0,  262.5 
 156.0,  197.0,  76.0,  262.5 
 156.0,  197.0,  76.0,  262.5 
 94.0,  248.0,  81.0,  277.3 
 94.0,  248.0,  81.0,  277.3 
 94.0,  248.0,  81.0,  277.3 
 94.0,  248.0,  81.0,  277.3 
 94.0,  248.0,  81.0,  277.3 
 94.0,  248.0,  81.0,  277.3 
 94.0,  248.0,  81.0,  277.3 
 94.0,  248.0,  81.0,  277.3 
 94.0,  248.0,  81.0,  277.3 
 94.0,  248.0,  81.0,  277.3 
 32.0,  272.0,  85.0,  286.8 
 32.0,  272.0,  85.0,  286.8 
 32.0,  272.0,  85.0,  286.8 
 32.0,  272.0,  85.0,  286.8 
 32.0,  272.0,  85.0,  286.8 
 32.0,  272.0,  85.0,  286.8 
 32.0,  272.0,  85.0,  286.8 
 32.0,  272.0,  85.0,  286.8 
 32.0,  272.0,  85.0,  286.8 
 32.0,  272.0,  85.0,  286.8 
 32.0,  272.0,  85.0,  286.8 
 -3.0,  285.0,  84.0,  297.1 
 -3.0,  285.0,  84.0,  297.1 
 -3.0,  285.0,  84.0,  297.1 
 -3.0,  285.0,  84.0,  297.1 
 -3.0,  285.0,  84.0,  297.1 
 -3.0,  285.0,  84.0,  297.1 
 -3.0,  285.0,  84.0,  297.1 
 -3.0,  285.0,  84.0,  297.1 
 -3.0,  285.0,  84.0,  297.1 
 -3.0,  285.0,  84.0,  297.1 
 -69.0,  295.0,  88.0,  315.5 
 -69.0,  295.0,  88.0,  315.5 
 -69.0,  295.0,  88.0,  315.5 
 -69.0,  295.0,  88.0,  315.5 
 -69.0,  295.0,  88.0,  315.5 
 -69.0,  295.0,  88.0,  315.5 
 -69.0,  295.0,  88.0,  315.5 
 -69.0,  295.0,  88.0,  315.5 
 -69.0,  295.0,  88.0,  315.5 
 -69.0,  295.0,  88.0,  315.5 
 -69.0,  295.0,  88.0,  315.5 
 -125.0,  290.0,  81.0,  326.0 
 -125.0,  290.0,  81.0,  326.0 
 -125.0,  290.0,  81.0,  326.0 
 -125.0,  290.0,  81.0,  326.0 
 -125.0,  290.0,  81.0,  326.0 
 -125.0,  290.0,  81.0,  326.0 
 -125.0,  290.0,  81.0,  326.0 
 -125.0,  290.0,  81.0,  326.0 
 -125.0,  290.0,  81.0,  326.0 
 -125.0,  290.0,  81.0,  326.0 
 -196.0,  270.0,  85.0,  344.3 
 -196.0,  270.0,  85.0,  344.3 
 -196.0,  270.0,  85.0,  344.3 
 -196.0,  270.0,  85.0,  344.3 
 -196.0,  270.0,  85.0,  344.3 
 -196.0,  270.0,  85.0,  344.3 
 -196.0,  270.0,  85.0,  344.3 
 -196.0,  270.0,  85.0,  344.3 
 -196.0,  270.0,  85.0,  344.3 
 -196.0,  270.0,  85.0,  344.3 
 -196.0,  270.0,  85.0,  344.3 
 -272.0,  230.0,  93.0,  368.1 
 -272.0,  230.0,  93.0,  368.1 
 -272.0,  230.0,  93.0,  368.1 
 -272.0,  230.0,  93.0,  368.1 
 -272.0,  230.0,  93.0,  368.1 
 -272.0,  230.0,  93.0,  368.1 
 -272.0,  230.0,  93.0,  368.1 
 -272.0,  230.0,  93.0,  368.1 
 -272.0,  230.0,  93.0,  368.1 
 -272.0,  230.0,  93.0,  368.1 
 -327.0,  180.0,  84.0,  382.6 
 -327.0,  180.0,  84.0,  382.6 
 -327.0,  180.0,  84.0,  382.6 
 -327.0,  180.0,  84.0,  382.6 
 -327.0,  180.0,  84.0,  382.6 
 -327.0,  180.0,  84.0,  382.6 
 -327.0,  180.0,  84.0,  382.6 
 -327.0,  180.0,  84.0,  382.6 
 -327.0,  180.0,  84.0,  382.6 
 -327.0,  180.0,  84.0,  382.6 
 -327.0,  180.0,  84.0,  382.6 
 -353.0,  142.0,  87.0,  390.3 
 -353.0,  142.0,  87.0,  390.3 
 -353.0,  142.0,  87.0,  390.3 
 -353.0,  142.0,  87.0,  390.3 
 -353.0,  142.0,  87.0,  390.3 
 -353.0,  142.0,  87.0,  390.3 
 -353.0,  142.0,  87.0,  390.3 
 -353.0,  142.0,  87.0,  390.3 
 -353.0,  142.0,  87.0,  390.3 
 -353.0,  142.0,  87.0,  390.3 
 -368.0,  122.0,  91.0,  398.2 
 -368.0,  122.0,  91.0,  398.2 
 -368.0,  122.0,  91.0,  398.2 
 -368.0,  122.0,  91.0,  398.2 
 -368.0,  122.0,  91.0,  398.2 
 -368.0,  122.0,  91.0,  398.2 
 -368.0,  122.0,  91.0,  398.2 
 -368.0,  122.0,  91.0,  398.2 
 -368.0,  122.0,  91.0,  398.2 
 -368.0,  122.0,  91.0,  398.2 
 -368.0,  122.0,  91.0,  398.2 
 -380.0,  89.0,  87.0,  399.9 
 -380.0,  89.0,  87.0,  399.9 
 -380.0,  89.0,  87.0,  399.9 
 -380.0,  89.0,  87.0,  399.9 
 -380.0,  89.0,  87.0,  399.9 
 -380.0,  89.0,  87.0,  399.9 
 -380.0,  89.0,  87.0,  399.9 
 -380.0,  89.0,  87.0,  399.9 
 -380.0,  89.0,  87.0,  399.9 
 -380.0,  89.0,  87.0,  399.9 
 -343.0,  156.0,  97.0,  389.1 
 -343.0,  156.0,  97.0,  389.1 
 -343.0,  156.0,  97.0,  389.1 
 -343.0,  156.0,  97.0,  389.1 
 -343.0,  156.0,  97.0,  389.1 
 -343.0,  156.0,  97.0,  389.1 
 -343.0,  156.0,  97.0,  389.1 
 -343.0,  156.0,  97.0,  389.1 
 -343.0,  156.0,  97.0,  389.1 
 -343.0,  156.0,  97.0,  389.1 
 -343.0,  156.0,  97.0,  389.1 
 -281.0,  208.0,  151.0,  380.8 
 -281.0,  208.0,  151.0,  380.8 
 -281.0,  208.0,  151.0,  380.8 
 -281.0,  208.0,  151.0,  380.8 
 -281.0,  208.0,  151.0,  380.8 
 -281.0,  208.0,  151.0,  380.8 
 -281.0,  208.0,  151.0,  380.8 
 -281.0,  208.0,  151.0,  380.8 
 -281.0,  208.0,  151.0,  380.8 
 -281.0,  208.0,  151.0,  380.8 
 -180.0,  268.0,  169.0,  364.4 
 -180.0,  268.0,  169.0,  364.4 
 -180.0,  268.0,  169.0,  364.4 
 -180.0,  268.0,  169.0,  364.4 
 -180.0,  268.0,  169.0,  364.4 
 -180.0,  268.0,  169.0,  364.4 
 -180.0,  268.0,  169.0,  364.4 
 -180.0,  268.0,  169.0,  364.4 
 -180.0,  268.0,  169.0,  364.4 
 -180.0,  268.0,  169.0,  364.4 
 -180.0,  268.0,  169.0,  364.4 
 -96.0,  277.0,  181.0,  344.5 
 -96.0,  277.0,  181.0,  344.5 
 -96.0,  277.0,  181.0,  344.5 
 -96.0,  277.0,  181.0,  344.5 
 -96.0,  277.0,  181.0,  344.5 
 -96.0,  277.0,  181.0,  344.5 
 -96.0,  277.0,  181.0,  344.5 
 -96.0,  277.0,  181.0,  344.5 
 -96.0,  277.0,  181.0,  344.5 
 -96.0,  277.0,  181.0,  344.5 
  5.0,  282.0,  158.0,  323.3 
  5.0,  282.0,  158.0,  323.3 
  5.0,  282.0,  158.0,  323.3 
  5.0,  282.0,  158.0,  323.3 
  5.0,  282.0,  158.0,  323.3 
  5.0,  282.0,  158.0,  323.3 
  5.0,  282.0,  158.0,  323.3 
  5.0,  282.0,  158.0,  323.3 
  5.0,  282.0,  158.0,  323.3 
  5.0,  282.0,  158.0,  323.3 
  5.0,  282.0,  158.0,  323.3 
 123.0,  219.0,  161.0,  298.3 
 123.0,  219.0,  161.0,  298.3 
 123.0,  219.0,  161.0,  298.3 
 123.0,  219.0,  161.0,  298.3 
 123.0,  219.0,  161.0,  298.3 
 123.0,  219.0,  161.0,  298.3 
 123.0,  219.0,  161.0,  298.3 
 123.0,  219.0,  161.0,  298.3 
 123.0,  219.0,  161.0,  298.3 
 123.0,  219.0,  161.0,  298.3 
 206.0,  118.0,  153.0,  282.4 
 206.0,  118.0,  153.0,  282.4 
 206.0,  118.0,  153.0,  282.4 
 206.0,  118.0,  153.0,  282.4 
 206.0,  118.0,  153.0,  282.4 
 206.0,  118.0,  153.0,  282.4 
 206.0,  118.0,  153.0,  282.4 
 206.0,  118.0,  153.0,  282.4 
 206.0,  118.0,  153.0,  282.4 
 206.0,  118.0,  153.0,  282.4 
 206.0,  118.0,  153.0,  282.4 
 239.0,   5.0,  142.0,  278.0 
 239.0,   5.0,  142.0,  278.0 
 239.0,   5.0,  142.0,  278.0 
 239.0,   5.0,  142.0,  278.0 
 239.0,   5.0,  142.0,  278.0 
 239.0,   5.0,  142.0,  278.0 
 239.0,   5.0,  142.0,  278.0 
 239.0,   5.0,  142.0,  278.0 
 239.0,   5.0,  142.0,  278.0 
 239.0,   5.0,  142.0,  278.0 
 237.0,  -34.0,  121.0,  268.3 
 237.0,  -34.0,  121.0,  268.3 
 237.0,  -34.0,  121.0,  268.3 
 237.0,  -34.0,  121.0,  268.3 
 237.0,  -34.0,  121.0,  268.3 
 237.0,  -34.0,  121.0,  268.3 
 237.0,  -34.0,  121.0,  268.3 
 237.0,  -34.0,  121.0,  268.3 
 237.0,  -34.0,  121.0,  268.3 
 237.0,  -34.0,  121.0,  268.3 
 237.0,  -34.0,  121.0,  268.3 
 134.0,  173.0,  -84.0,  234.4 
 134.0,  173.0,  -84.0,  234.4 
 134.0,  173.0,  -84.0,  234.4 
 134.0,  173.0,  -84.0,  234.4 
 134.0,  173.0,  -84.0,  234.4 
 134.0,  173.0,  -84.0,  234.4 
 134.0,  173.0,  -84.0,  234.4 
 134.0,  173.0,  -84.0,  234.4 
 134.0,  173.0,  -84.0,  234.4 
 134.0,  173.0,  -84.0,  234.4 
 -115.0,  220.0,  -138.0,  284.0 
 -115.0,  220.0,  -138.0,  284.0 
 -115.0,  220.0,  -138.0,  284.0 
 -115.0,  220.0,  -138.0,  284.0 
 -115.0,  220.0,  -138.0,  284.0 
 -115.0,  220.0,  -138.0,  284.0 
 -115.0,  220.0,  -138.0,  284.0 
 -115.0,  220.0,  -138.0,  284.0 
 -115.0,  220.0,  -138.0,  284.0 
 -115.0,  220.0,  -138.0,  284.0 
 -115.0,  220.0,  -138.0,  284.0 
 -212.0,  262.0,  59.0,  342.2 
 -212.0,  262.0,  59.0,  342.2 
 -212.0,  262.0,  59.0,  342.2 
 -212.0,  262.0,  59.0,  342.2 
 -212.0,  262.0,  59.0,  342.2 
 -212.0,  262.0,  59.0,  342.2 
 -212.0,  262.0,  59.0,  342.2 
 -212.0,  262.0,  59.0,  342.2 
 -212.0,  262.0,  59.0,  342.2 
 -212.0,  262.0,  59.0,  342.2 
 -151.0,  236.0,  270.0,  389.1 
 -151.0,  236.0,  270.0,  389.1 
 -151.0,  236.0,  270.0,  389.1 
 -151.0,  236.0,  270.0,  389.1 
 -151.0,  236.0,  270.0,  389.1 
 -151.0,  236.0,  270.0,  389.1 
 -151.0,  236.0,  270.0,  389.1 
 -151.0,  236.0,  270.0,  389.1 
 -151.0,  236.0,  270.0,  389.1 
 -151.0,  236.0,  270.0,  389.1 
 80.0,  105.0,  334.0,  359.1 
 80.0,  105.0,  334.0,  359.1 
 80.0,  105.0,  334.0,  359.1 
 80.0,  105.0,  334.0,  359.1 
 80.0,  105.0,  334.0,  359.1 
 80.0,  105.0,  334.0,  359.1 
 80.0,  105.0,  334.0,  359.1 
 80.0,  105.0,  334.0,  359.1 
 80.0,  105.0,  334.0,  359.1 
 80.0,  105.0,  334.0,  359.1 
 80.0,  105.0,  334.0,  359.1 
 220.0,  26.0,  206.0,  302.5 
 220.0,  26.0,  206.0,  302.5 
 220.0,  26.0,  206.0,  302.5 
 220.0,  26.0,  206.0,  302.5 
 220.0,  26.0,  206.0,  302.5 
 220.0,  26.0,  206.0,  302.5 
 220.0,  26.0,  206.0,  302.5 
 220.0,  26.0,  206.0,  302.5 
 220.0,  26.0,  206.0,  302.5 
 220.0,  26.0,  206.0,  302.5 
 165.0,  180.0,  -13.0,  244.5 
 165.0,  180.0,  -13.0,  244.5 
 165.0,  180.0,  -13.0,  244.5 
 165.0,  180.0,  -13.0,  244.5 
 165.0,  180.0,  -13.0,  244.5 
 165.0,  180.0,  -13.0,  244.5 
 165.0,  180.0,  -13.0,  244.5 
 165.0,  180.0,  -13.0,  244.5 
 165.0,  180.0,  -13.0,  244.5 
 165.0,  180.0,  -13.0,  244.5 
 165.0,  180.0,  -13.0,  244.5 
 71.0,  196.0,  -136.0,  248.9 
 71.0,  196.0,  -136.0,  248.9 
 71.0,  196.0,  -136.0,  248.9 
 71.0,  196.0,  -136.0,  248.9 
 71.0,  196.0,  -136.0,  248.9 
 71.0,  196.0,  -136.0,  248.9 
 71.0,  196.0,  -136.0,  248.9 
 71.0,  196.0,  -136.0,  248.9 
 71.0,  196.0,  -136.0,  248.9 
 71.0,  196.0,  -136.0,  248.9 
 23.0,  284.0,  -53.0,  289.8 
 23.0,  284.0,  -53.0,  289.8 
 23.0,  284.0,  -53.0,  289.8 
 23.0,  284.0,  -53.0,  289.8 
 23.0,  284.0,  -53.0,  289.8 
 23.0,  284.0,  -53.0,  289.8 
 23.0,  284.0,  -53.0,  289.8 
 23.0,  284.0,  -53.0,  289.8 
 23.0,  284.0,  -53.0,  289.8 
 23.0,  284.0,  -53.0,  289.8 
 23.0,  284.0,  -53.0,  289.8 
 38.0,  270.0,  -101.0,  290.8 
 38.0,  270.0,  -101.0,  290.8 
 38.0,  270.0,  -101.0,  290.8 
 38.0,  270.0,  -101.0,  290.8 
 38.0,  270.0,  -101.0,  290.8 
 38.0,  270.0,  -101.0,  290.8 
 38.0,  270.0,  -101.0,  290.8 
 38.0,  270.0,  -101.0,  290.8 
 38.0,  270.0,  -101.0,  290.8 
 38.0,  270.0,  -101.0,  290.8 
 16.0,  267.0,  -142.0,  302.8 
 16.0,  267.0,  -142.0,  302.8 
 16.0,  267.0,  -142.0,  302.8 
 16.0,  267.0,  -142.0,  302.8 
 16.0,  267.0,  -142.0,  302.8 
 16.0,  267.0,  -142.0,  302.8 
 16.0,  267.0,  -142.0,  302.8 
 16.0,  267.0,  -142.0,  302.8 
 16.0,  267.0,  -142.0,  302.8 
 16.0,  267.0,  -142.0,  302.8 
 16.0,  267.0,  -142.0,  302.8 
 -20.0,  252.0,  -158.0,  298.1 
 -20.0,  252.0,  -158.0,  298.1 
 -20.0,  252.0,  -158.0,  298.1 
 -20.0,  252.0,  -158.0,  298.1 
 -20.0,  252.0,  -158.0,  298.1 
 -20.0,  252.0,  -158.0,  298.1 
 -20.0,  252.0,  -158.0,  298.1 
 -20.0,  252.0,  -158.0,  298.1 
 -20.0,  252.0,  -158.0,  298.1 
 -20.0,  252.0,  -158.0,  298.1 
 -18.0,  71.0,  -288.0,  297.2 
 -18.0,  71.0,  -288.0,  297.2 
 -18.0,  71.0,  -288.0,  297.2 
 -18.0,  71.0,  -288.0,  297.2 
 -18.0,  71.0,  -288.0,  297.2 
 -18.0,  71.0,  -288.0,  297.2 
 -18.0,  71.0,  -288.0,  297.2 
 -18.0,  71.0,  -288.0,  297.2 
 -18.0,  71.0,  -288.0,  297.2 
 -18.0,  71.0,  -288.0,  297.2 
 -18.0,  71.0,  -288.0,  297.2 
 -16.0,  60.0,  -295.0,  301.5 
 -16.0,  60.0,  -295.0,  301.5 
 -16.0,  60.0,  -295.0,  301.5 
 -16.0,  60.0,  -295.0,  301.5 
 -16.0,  60.0,  -295.0,  301.5 
 -16.0,  60.0,  -295.0,  301.5 
 -16.0,  60.0,  -295.0,  301.5 
 -16.0,  60.0,  -295.0,  301.5 
 -16.0,  60.0,  -295.0,  301.5 
 -16.0,  60.0,  -295.0,  301.5 
 -12.0,  59.0,  -293.0,  299.1 
 -12.0,  59.0,  -293.0,  299.1 
 -12.0,  59.0,  -293.0,  299.1 
 -12.0,  59.0,  -293.0,  299.1 
 -12.0,  59.0,  -293.0,  299.1 
 -12.0,  59.0,  -293.0,  299.1 
 -12.0,  59.0,  -293.0,  299.1 
 -12.0,  59.0,  -293.0,  299.1 
 -12.0,  59.0,  -293.0,  299.1 
 -12.0,  59.0,  -293.0,  299.1 
 -12.0,  59.0,  -293.0,  299.1 
 -15.0,  53.0,  -293.0,  298.1 
